[gd_scene load_steps=77 format=3 uid="uid://mnqhir54em6u"]

[ext_resource type="PackedScene" uid="uid://1cglsstr7xwf" path="res://Scenes/xr_origin_3d.tscn" id="1_4jhd4"]
[ext_resource type="Script" path="res://Scripts/demo_2.gd" id="1_iv2wo"]
[ext_resource type="PackedScene" uid="uid://bes6fl7nhtgm6" path="res://Scenes/roomHallway.tscn" id="2_01p7y"]
[ext_resource type="VideoStream" path="res://Videos/NasaSatelite.ogv" id="3_6cxgq"]
[ext_resource type="VideoStream" path="res://Videos/AirQuality.ogv" id="4_18ybd"]
[ext_resource type="VideoStream" path="res://Materials/Audio/Demo2/videos/FiresDashboard.ogv" id="4_usa0l"]
[ext_resource type="VideoStream" path="res://Videos/WildFires.ogv" id="4_xnpma"]
[ext_resource type="VideoStream" path="res://Videos/Weather.ogv" id="5_1ondk"]
[ext_resource type="AudioStream" uid="uid://fyyi7jt0u3yj" path="res://Materials/Audio/Demo2/Audio/FireSound.mp3" id="5_1t8b0"]
[ext_resource type="VideoStream" path="res://Materials/Audio/Demo2/videos/WeatherDashboard.ogv" id="5_q1f30"]
[ext_resource type="VideoStream" path="res://Materials/Audio/Demo2/videos/AirQualityDashboard.ogv" id="6_g4c71"]
[ext_resource type="AudioStream" uid="uid://d3au48uxpi08w" path="res://Materials/Audio/Demo2/Audio/WeatherSound.mp3" id="8_dq5ke"]
[ext_resource type="AudioStream" uid="uid://bgglsbwiv4oiq" path="res://Materials/Audio/Demo2/Audio/WindSound.mp3" id="9_4y74a"]
[ext_resource type="Texture2D" uid="uid://cl72i0isobxo4" path="res://Materials/Audio/Demo2/StandHere.jpg" id="9_6hpvm"]
[ext_resource type="AudioStream" uid="uid://ds1yw75beh4rb" path="res://Materials/Audio/Demo2/Audio/Intro.mp3" id="11_ospbb"]
[ext_resource type="AudioStream" uid="uid://bekf1b036n6p8" path="res://Materials/Audio/Demo2/Audio/Overview.mp3" id="13_k846q"]
[ext_resource type="AudioStream" uid="uid://byuw13ihsd1cx" path="res://Materials/Audio/Demo2/Audio/OverviewLeft.mp3" id="14_aluj7"]
[ext_resource type="AudioStream" uid="uid://ccjh8pi2ciuhh" path="res://Materials/Audio/Demo2/Audio/OverviewAhead.mp3" id="15_hbmub"]
[ext_resource type="AudioStream" uid="uid://b1evfvkpf0c1x" path="res://Materials/Audio/Demo2/Audio/OverviewRight.mp3" id="16_fy6bw"]
[ext_resource type="AudioStream" uid="uid://bkdw3klw3s3do" path="res://Materials/Audio/Demo2/Audio/OverviewEnd.mp3" id="17_g3hwf"]

[sub_resource type="ProceduralSkyMaterial" id="ProceduralSkyMaterial_atrkp"]
sky_horizon_color = Color(0.64625, 0.65575, 0.67075, 1)
ground_horizon_color = Color(0.64625, 0.65575, 0.67075, 1)

[sub_resource type="Sky" id="Sky_crvon"]
sky_material = SubResource("ProceduralSkyMaterial_atrkp")

[sub_resource type="Environment" id="Environment_ncqx0"]
background_mode = 2
sky = SubResource("Sky_crvon")
tonemap_mode = 2

[sub_resource type="ConcavePolygonShape3D" id="ConcavePolygonShape3D_8umo6"]
data = PackedVector3Array(-0.25, 2, 5, 0.25, 2, 5, -0.25, -2, 5, 0.25, 2, 5, 0.25, -2, 5, -0.25, -2, 5, 0.25, 2, -5, -0.25, 2, -5, 0.25, -2, -5, -0.25, 2, -5, -0.25, -2, -5, 0.25, -2, -5, 0.25, 2, 5, 0.25, 2, -5, 0.25, -2, 5, 0.25, 2, -5, 0.25, -2, -5, 0.25, -2, 5, -0.25, 2, -5, -0.25, 2, 5, -0.25, -2, -5, -0.25, 2, 5, -0.25, -2, 5, -0.25, -2, -5, 0.25, 2, 5, -0.25, 2, 5, 0.25, 2, -5, -0.25, 2, 5, -0.25, 2, -5, 0.25, 2, -5, -0.25, -2, 5, 0.25, -2, 5, -0.25, -2, -5, 0.25, -2, 5, 0.25, -2, -5, -0.25, -2, -5)

[sub_resource type="BoxMesh" id="BoxMesh_hx5iq"]
size = Vector3(0.5, 4, 10)

[sub_resource type="ViewportTexture" id="ViewportTexture_dhjxo"]
viewport_path = NodePath("Room/WallFront/CollisionShape3D/MeshInstance3D/Visualizations/Fires/SubViewport")

[sub_resource type="StandardMaterial3D" id="StandardMaterial3D_8u3ks"]
resource_local_to_scene = true
albedo_texture = SubResource("ViewportTexture_dhjxo")

[sub_resource type="QuadMesh" id="QuadMesh_r2v83"]
size = Vector2(2, 1)
orientation = 0

[sub_resource type="ViewportTexture" id="ViewportTexture_cg6ml"]
viewport_path = NodePath("Room/WallFront/CollisionShape3D/MeshInstance3D/Visualizations/Weather/SubViewport")

[sub_resource type="StandardMaterial3D" id="StandardMaterial3D_8lin5"]
resource_local_to_scene = true
albedo_texture = SubResource("ViewportTexture_cg6ml")

[sub_resource type="QuadMesh" id="QuadMesh_1lxet"]
size = Vector2(2, 1)
orientation = 0

[sub_resource type="ViewportTexture" id="ViewportTexture_f5ht6"]
viewport_path = NodePath("Room/WallFront/CollisionShape3D/MeshInstance3D/Visualizations/AirQuality/SubViewport")

[sub_resource type="StandardMaterial3D" id="StandardMaterial3D_tgrpu"]
resource_local_to_scene = true
albedo_texture = SubResource("ViewportTexture_f5ht6")

[sub_resource type="QuadMesh" id="QuadMesh_b7yob"]
size = Vector2(2, 1)
orientation = 0

[sub_resource type="StandardMaterial3D" id="StandardMaterial3D_ruu6n"]
albedo_color = Color(0.196078, 0.196078, 0.196078, 1)

[sub_resource type="QuadMesh" id="QuadMesh_1bvhk"]
material = SubResource("StandardMaterial3D_ruu6n")
size = Vector2(8, 2)

[sub_resource type="ViewportTexture" id="ViewportTexture_q687c"]
viewport_path = NodePath("Selection/Fire/SubViewport")

[sub_resource type="StandardMaterial3D" id="StandardMaterial3D_xu6tp"]
resource_local_to_scene = true
albedo_texture = SubResource("ViewportTexture_q687c")

[sub_resource type="QuadMesh" id="QuadMesh_ie4ig"]
size = Vector2(2.5, 1.5)
orientation = 1

[sub_resource type="BoxShape3D" id="BoxShape3D_f50s2"]
size = Vector3(2.5, 1, 4)

[sub_resource type="StandardMaterial3D" id="StandardMaterial3D_n6m64"]

[sub_resource type="QuadMesh" id="QuadMesh_juuws"]
material = SubResource("StandardMaterial3D_n6m64")
size = Vector2(2.5, 1)
orientation = 1

[sub_resource type="StandardMaterial3D" id="StandardMaterial3D_3e0pf"]
albedo_texture = ExtResource("9_6hpvm")

[sub_resource type="QuadMesh" id="QuadMesh_t7f26"]
orientation = 1

[sub_resource type="ViewportTexture" id="ViewportTexture_nr1tp"]
viewport_path = NodePath("Selection/Weather/SubViewport")

[sub_resource type="StandardMaterial3D" id="StandardMaterial3D_3eyfc"]
resource_local_to_scene = true
albedo_texture = SubResource("ViewportTexture_nr1tp")

[sub_resource type="QuadMesh" id="QuadMesh_itkgi"]
size = Vector2(2.5, 1.5)
orientation = 1

[sub_resource type="BoxShape3D" id="BoxShape3D_fei6j"]
size = Vector3(2.5, 1, 4)

[sub_resource type="ViewportTexture" id="ViewportTexture_5l6nt"]
viewport_path = NodePath("Selection/AirQuality/SubViewport")

[sub_resource type="StandardMaterial3D" id="StandardMaterial3D_pc1hh"]
resource_local_to_scene = true
albedo_texture = SubResource("ViewportTexture_5l6nt")

[sub_resource type="QuadMesh" id="QuadMesh_dgodu"]
size = Vector2(2.5, 1.5)
orientation = 1

[sub_resource type="BoxShape3D" id="BoxShape3D_k2k5w"]
size = Vector3(2.5, 1, 4)

[sub_resource type="BoxShape3D" id="BoxShape3D_4e37r"]
size = Vector3(8, 1, 2)

[sub_resource type="StandardMaterial3D" id="StandardMaterial3D_10wc1"]
albedo_color = Color(0.529067, 0.529067, 0.529067, 1)

[sub_resource type="QuadMesh" id="QuadMesh_40ed2"]
material = SubResource("StandardMaterial3D_10wc1")
size = Vector2(8, 2)
orientation = 1

[sub_resource type="Animation" id="Animation_6ln8l"]
length = 25.0
tracks/0/type = "value"
tracks/0/imported = false
tracks/0/enabled = true
tracks/0/path = NodePath("Audio/Left:playing")
tracks/0/interp = 1
tracks/0/loop_wrap = true
tracks/0/keys = {
"times": PackedFloat32Array(5),
"transitions": PackedFloat32Array(1),
"update": 1,
"values": [true]
}
tracks/1/type = "value"
tracks/1/imported = false
tracks/1/enabled = true
tracks/1/path = NodePath("Audio/Ahead:playing")
tracks/1/interp = 1
tracks/1/loop_wrap = true
tracks/1/keys = {
"times": PackedFloat32Array(9),
"transitions": PackedFloat32Array(1),
"update": 1,
"values": [true]
}
tracks/2/type = "value"
tracks/2/imported = false
tracks/2/enabled = true
tracks/2/path = NodePath("Audio/Right:playing")
tracks/2/interp = 1
tracks/2/loop_wrap = true
tracks/2/keys = {
"times": PackedFloat32Array(14),
"transitions": PackedFloat32Array(1),
"update": 1,
"values": [true]
}
tracks/3/type = "value"
tracks/3/imported = false
tracks/3/enabled = true
tracks/3/path = NodePath("Audio/End:playing")
tracks/3/interp = 1
tracks/3/loop_wrap = true
tracks/3/keys = {
"times": PackedFloat32Array(19.6),
"transitions": PackedFloat32Array(1),
"update": 1,
"values": [true]
}
tracks/4/type = "value"
tracks/4/imported = false
tracks/4/enabled = true
tracks/4/path = NodePath("Audio/Intro:playing")
tracks/4/interp = 1
tracks/4/loop_wrap = true
tracks/4/keys = {
"times": PackedFloat32Array(0.1),
"transitions": PackedFloat32Array(1),
"update": 1,
"values": [true]
}
tracks/5/type = "value"
tracks/5/imported = false
tracks/5/enabled = true
tracks/5/path = NodePath("Path3DLeft:visible")
tracks/5/interp = 1
tracks/5/loop_wrap = true
tracks/5/keys = {
"times": PackedFloat32Array(0.1, 5, 8.5),
"transitions": PackedFloat32Array(1, 1, 1),
"update": 1,
"values": [false, true, false]
}
tracks/6/type = "value"
tracks/6/imported = false
tracks/6/enabled = true
tracks/6/path = NodePath("Path3DAhead:visible")
tracks/6/interp = 1
tracks/6/loop_wrap = true
tracks/6/keys = {
"times": PackedFloat32Array(0.1, 9, 12.5667),
"transitions": PackedFloat32Array(1, 1, 1),
"update": 1,
"values": [false, true, false]
}
tracks/7/type = "value"
tracks/7/imported = false
tracks/7/enabled = true
tracks/7/path = NodePath("Path3DRight:visible")
tracks/7/interp = 1
tracks/7/loop_wrap = true
tracks/7/keys = {
"times": PackedFloat32Array(0.1, 14.0333, 18.6),
"transitions": PackedFloat32Array(1, 1, 1),
"update": 1,
"values": [false, true, false]
}

[sub_resource type="Animation" id="Animation_ptq7t"]
resource_name = "Select Topic"
length = 10.0

[sub_resource type="AnimationLibrary" id="AnimationLibrary_mujxs"]
_data = {
&"Select Topic": SubResource("Animation_ptq7t"),
&"RESET": SubResource("Animation_6ln8l")
}

[sub_resource type="Curve3D" id="Curve3D_h176u"]
_data = {
"points": PackedVector3Array(0, 0, 0, 0, 0, 0, 0, 0, -0.013, -0.00242889, -1.68085e-05, 0.929657, 0.00242889, 1.68085e-05, -0.929657, 0, 0, -0.838, 0.0482693, 4.14848e-05, 0.940672, -0.0482693, -4.14848e-05, -0.940672, -3, 0, -2.266, 0, 0, 0, 0, 0, 0, -3, 0, -4),
"tilts": PackedFloat32Array(0, 0, 0, 0)
}
point_count = 4

[sub_resource type="StandardMaterial3D" id="StandardMaterial3D_5xqyq"]
albedo_color = Color(1, 1, 0, 1)

[sub_resource type="QuadMesh" id="QuadMesh_1a384"]
material = SubResource("StandardMaterial3D_5xqyq")
size = Vector2(0.2, 0.4)
orientation = 1

[sub_resource type="Curve3D" id="Curve3D_jhh51"]
_data = {
"points": PackedVector3Array(0, 0, 0, 0, 0, 0, -0.01, 0, -0.013, 0, 0, 0, -0.0482693, -4.14848e-05, -0.940672, 0, 0, -4),
"tilts": PackedFloat32Array(0, 0)
}
point_count = 2

[sub_resource type="StandardMaterial3D" id="StandardMaterial3D_elwf5"]
albedo_color = Color(1, 1, 0, 1)

[sub_resource type="QuadMesh" id="QuadMesh_0epbk"]
material = SubResource("StandardMaterial3D_elwf5")
size = Vector2(0.2, 0.4)
orientation = 1

[sub_resource type="Curve3D" id="Curve3D_un5ko"]
_data = {
"points": PackedVector3Array(0, 0, 0, 0, 0, 0, 0, 0, -0.013, -0.00242889, -1.68085e-05, 0.929657, 0.00242889, 1.68085e-05, -0.929657, 0, 0, -0.838, 0.0482693, 4.14848e-05, 0.940672, -0.0482693, -4.14848e-05, -0.940672, 3, 0, -2.266, 0, 0, 0, 0, 0, 0, 3, 0, -4),
"tilts": PackedFloat32Array(0, 0, 0, 0)
}
point_count = 4

[sub_resource type="StandardMaterial3D" id="StandardMaterial3D_pm6pu"]
albedo_color = Color(1, 1, 0, 1)

[sub_resource type="QuadMesh" id="QuadMesh_b6mot"]
material = SubResource("StandardMaterial3D_pm6pu")
size = Vector2(0.2, 0.4)
orientation = 1

[sub_resource type="ViewportTexture" id="ViewportTexture_fop2p"]
viewport_path = NodePath("Attention/SubViewport")

[sub_resource type="StandardMaterial3D" id="StandardMaterial3D_uln6k"]
resource_local_to_scene = true
albedo_texture = SubResource("ViewportTexture_fop2p")

[sub_resource type="QuadMesh" id="QuadMesh_m25xs"]
size = Vector2(5, 2.5)
orientation = 1

[sub_resource type="BoxShape3D" id="BoxShape3D_67erf"]
size = Vector3(5, 1, 4)

[sub_resource type="StandardMaterial3D" id="StandardMaterial3D_p3fi5"]

[sub_resource type="QuadMesh" id="QuadMesh_xygd2"]
material = SubResource("StandardMaterial3D_p3fi5")
size = Vector2(5, 1)
orientation = 1

[sub_resource type="StandardMaterial3D" id="StandardMaterial3D_44n12"]
albedo_texture = ExtResource("9_6hpvm")

[sub_resource type="StandardMaterial3D" id="StandardMaterial3D_hvwt0"]

[sub_resource type="QuadMesh" id="QuadMesh_6mxhe"]
material = SubResource("StandardMaterial3D_hvwt0")
orientation = 1

[node name="Demo2" type="Node3D"]
script = ExtResource("1_iv2wo")

[node name="WorldEnvironment" type="WorldEnvironment" parent="."]
environment = SubResource("Environment_ncqx0")

[node name="DirectionalLight3D" type="DirectionalLight3D" parent="."]
transform = Transform3D(-0.866023, -0.433016, 0.250001, 0, 0.499998, 0.866027, -0.500003, 0.749999, -0.43301, 0, 6.67497, 3.13216)
shadow_enabled = true

[node name="XROrigin3D" parent="." instance=ExtResource("1_4jhd4")]
transform = Transform3D(1, 0, 0, 0, 1, 0, 0, 0, 1, 0, 1.196, 17.5)

[node name="Room" type="Node3D" parent="."]

[node name="RoomHallway" parent="Room" instance=ExtResource("2_01p7y")]
transform = Transform3D(1, 0, 0, 0, 1, 0, 0, 0, 1, 0, 0, 0)

[node name="RoomHallway2" parent="Room" instance=ExtResource("2_01p7y")]
transform = Transform3D(1, 0, 0, 0, 1, 0, 0, 0, 1, 0, 0, 2.5)

[node name="RoomHallway3" parent="Room" instance=ExtResource("2_01p7y")]
transform = Transform3D(1, 0, 0, 0, 1, 0, 0, 0, 1, 0, 0, 5)

[node name="RoomHallway4" parent="Room" instance=ExtResource("2_01p7y")]
transform = Transform3D(1, 0, 0, 0, 1, 0, 0, 0, 1, 0, 0, 7.5)

[node name="RoomHallway5" parent="Room" instance=ExtResource("2_01p7y")]
transform = Transform3D(1, 0, 0, 0, 1, 0, 0, 0, 1, 0, 0, 10)

[node name="RoomHallway6" parent="Room" instance=ExtResource("2_01p7y")]
transform = Transform3D(1, 0, 0, 0, 1, 0, 0, 0, 1, 0, 0, 12.5)

[node name="RoomHallway7" parent="Room" instance=ExtResource("2_01p7y")]
transform = Transform3D(1, 0, 0, 0, 1, 0, 0, 0, 1, 0, 0, 15)

[node name="RoomHallway8" parent="Room" instance=ExtResource("2_01p7y")]
transform = Transform3D(1, 0, 0, 0, 1, 0, 0, 0, 1, 0, 0, 17.5)

[node name="RoomHallway9" parent="Room" instance=ExtResource("2_01p7y")]
transform = Transform3D(1, 0, 0, 0, 1, 0, 0, 0, 1, 0, 0, 20)

[node name="WallFront" type="StaticBody3D" parent="Room"]
transform = Transform3D(-4.37114e-08, 0, -1, 0, 1, 0, 1, 0, -4.37114e-08, 0, 1.5, -1.25)

[node name="CollisionShape3D" type="CollisionShape3D" parent="Room/WallFront"]
shape = SubResource("ConcavePolygonShape3D_8umo6")

[node name="MeshInstance3D" type="MeshInstance3D" parent="Room/WallFront/CollisionShape3D"]
layers = 2
mesh = SubResource("BoxMesh_hx5iq")
skeleton = NodePath("../..")

[node name="Visualizations" type="Node3D" parent="Room/WallFront/CollisionShape3D/MeshInstance3D"]
transform = Transform3D(1, 0, 0, 0, 1, 0, 0, 0, 1, 0.265, 0.5, 0)

[node name="Fires" type="MeshInstance3D" parent="Room/WallFront/CollisionShape3D/MeshInstance3D/Visualizations"]
transform = Transform3D(1, 0, 0, 0, 1, 0, 0, 0, 1, 0, -0.5, 2.5)
material_override = SubResource("StandardMaterial3D_8u3ks")
mesh = SubResource("QuadMesh_r2v83")

[node name="SubViewport" type="SubViewport" parent="Room/WallFront/CollisionShape3D/MeshInstance3D/Visualizations/Fires"]
size = Vector2i(1120, 480)

[node name="VideoStreamPlayer" type="VideoStreamPlayer" parent="Room/WallFront/CollisionShape3D/MeshInstance3D/Visualizations/Fires/SubViewport"]
offset_right = 1120.0
offset_bottom = 480.0
stream = ExtResource("4_usa0l")
autoplay = true
loop = true

[node name="Weather" type="MeshInstance3D" parent="Room/WallFront/CollisionShape3D/MeshInstance3D/Visualizations"]
transform = Transform3D(1, 0, 0, 0, 1, 0, 0, 0, 1, 0, -0.5, 0)
material_override = SubResource("StandardMaterial3D_8lin5")
mesh = SubResource("QuadMesh_1lxet")

[node name="SubViewport" type="SubViewport" parent="Room/WallFront/CollisionShape3D/MeshInstance3D/Visualizations/Weather"]
size = Vector2i(852, 480)

[node name="VideoStreamPlayer" type="VideoStreamPlayer" parent="Room/WallFront/CollisionShape3D/MeshInstance3D/Visualizations/Weather/SubViewport"]
offset_right = 40.0
offset_bottom = 40.0
stream = ExtResource("5_q1f30")
autoplay = true
loop = true

[node name="AirQuality" type="MeshInstance3D" parent="Room/WallFront/CollisionShape3D/MeshInstance3D/Visualizations"]
transform = Transform3D(1, 0, 0, 0, 1, 0, 0, 0, 1, 0, -0.5, -2.5)
material_override = SubResource("StandardMaterial3D_tgrpu")
mesh = SubResource("QuadMesh_b7yob")

[node name="SubViewport" type="SubViewport" parent="Room/WallFront/CollisionShape3D/MeshInstance3D/Visualizations/AirQuality"]
size = Vector2i(1120, 480)

[node name="VideoStreamPlayer" type="VideoStreamPlayer" parent="Room/WallFront/CollisionShape3D/MeshInstance3D/Visualizations/AirQuality/SubViewport"]
offset_right = 40.0
offset_bottom = 40.0
stream = ExtResource("6_g4c71")
autoplay = true
loop = true

[node name="Dashboard" type="MeshInstance3D" parent="Room/WallFront"]
transform = Transform3D(-4.37114e-08, 0, 1, 0, 1, 0, -1, 0, -4.37114e-08, 0.26, 0, -1.1365e-08)
mesh = SubResource("QuadMesh_1bvhk")
skeleton = NodePath("../../..")

[node name="Selection" type="Node3D" parent="."]
transform = Transform3D(1, 0, 0, 0, 1, 0, 0, 0, 1, 0, -0.495, 3)

[node name="Fire" type="MeshInstance3D" parent="Selection"]
transform = Transform3D(1, 0, 0, 0, 1, 0, 0, 0, 1, -3, 0, 0)
material_override = SubResource("StandardMaterial3D_xu6tp")
mesh = SubResource("QuadMesh_ie4ig")
skeleton = NodePath("../..")

[node name="SubViewport" type="SubViewport" parent="Selection/Fire"]
size = Vector2i(1920, 1080)

[node name="VideoStreamPlayer" type="VideoStreamPlayer" parent="Selection/Fire/SubViewport"]
offset_right = 40.0
offset_bottom = 40.0
stream = ExtResource("4_xnpma")
autoplay = true
loop = true

[node name="Area3D" type="Area3D" parent="Selection/Fire"]

[node name="CollisionShape3D" type="CollisionShape3D" parent="Selection/Fire/Area3D"]
transform = Transform3D(1, 0, 0, 0, 1, 0, 0, 0, 1, 0, 0.51, 1)
shape = SubResource("BoxShape3D_f50s2")

[node name="Fire" type="AudioStreamPlayer" parent="Selection/Fire"]
stream = ExtResource("5_1t8b0")
volume_db = -10.0
parameters/looping = true

[node name="MeshInstance3D" type="MeshInstance3D" parent="Selection/Fire"]
transform = Transform3D(1, 0, 0, 0, 1, 0, 0, 0, 1, 0, 0, 2.5)
mesh = SubResource("QuadMesh_juuws")

[node name="MeshInstance3D" type="MeshInstance3D" parent="Selection/Fire/MeshInstance3D"]
transform = Transform3D(1, 0, 0, 0, 1, 0, 0, 0, 1, 0, 0.01, 0)
material_override = SubResource("StandardMaterial3D_3e0pf")
mesh = SubResource("QuadMesh_t7f26")

[node name="Weather" type="MeshInstance3D" parent="Selection"]
material_override = SubResource("StandardMaterial3D_3eyfc")
mesh = SubResource("QuadMesh_itkgi")
skeleton = NodePath("../..")

[node name="SubViewport" type="SubViewport" parent="Selection/Weather"]
size = Vector2i(1920, 1080)

[node name="VideoStreamPlayer" type="VideoStreamPlayer" parent="Selection/Weather/SubViewport"]
offset_right = 40.0
offset_bottom = 40.0
stream = ExtResource("5_1ondk")
autoplay = true
loop = true

[node name="Area3D" type="Area3D" parent="Selection/Weather"]

[node name="CollisionShape3D" type="CollisionShape3D" parent="Selection/Weather/Area3D"]
transform = Transform3D(1, 0, 0, 0, 1, 0, 0, 0, 1, 0, 0.51, 1)
shape = SubResource("BoxShape3D_fei6j")

[node name="Weather" type="AudioStreamPlayer" parent="Selection/Weather"]
stream = ExtResource("8_dq5ke")
volume_db = -10.0
parameters/looping = true

[node name="MeshInstance3D2" type="MeshInstance3D" parent="Selection/Weather"]
transform = Transform3D(1, 0, 0, 0, 1, 0, 0, 0, 1, 0, 0, 2.5)
mesh = SubResource("QuadMesh_juuws")
skeleton = NodePath("../../Fire")

[node name="MeshInstance3D" type="MeshInstance3D" parent="Selection/Weather/MeshInstance3D2"]
transform = Transform3D(1, 0, 0, 0, 1, 0, 0, 0, 1, 0, 0.01, 0)
material_override = SubResource("StandardMaterial3D_3e0pf")
mesh = SubResource("QuadMesh_t7f26")

[node name="AirQuality" type="MeshInstance3D" parent="Selection"]
transform = Transform3D(1, 0, 0, 0, 1, 0, 0, 0, 1, 3, 0, 0)
material_override = SubResource("StandardMaterial3D_pc1hh")
mesh = SubResource("QuadMesh_dgodu")
skeleton = NodePath("../..")

[node name="SubViewport" type="SubViewport" parent="Selection/AirQuality"]
size = Vector2i(1920, 1080)

[node name="VideoStreamPlayer" type="VideoStreamPlayer" parent="Selection/AirQuality/SubViewport"]
offset_right = 40.0
offset_bottom = 40.0
stream = ExtResource("4_18ybd")
autoplay = true
loop = true

[node name="Area3D" type="Area3D" parent="Selection/AirQuality"]

[node name="CollisionShape3D" type="CollisionShape3D" parent="Selection/AirQuality/Area3D"]
transform = Transform3D(1, 0, 0, 0, 1, 0, 0, 0, 1, 0, 0.51, 1)
shape = SubResource("BoxShape3D_k2k5w")

[node name="Wind" type="AudioStreamPlayer" parent="Selection/AirQuality"]
stream = ExtResource("9_4y74a")
volume_db = 5.0
parameters/looping = true

[node name="MeshInstance3D3" type="MeshInstance3D" parent="Selection/AirQuality"]
transform = Transform3D(1, 0, 0, 0, 1, 0, 0, 0, 1, 0, 0, 2.5)
mesh = SubResource("QuadMesh_juuws")
skeleton = NodePath("../../Fire")

[node name="MeshInstance3D" type="MeshInstance3D" parent="Selection/AirQuality/MeshInstance3D3"]
transform = Transform3D(1, 0, 0, 0, 1, 0, 0, 0, 1, 0, 0.01, 0)
material_override = SubResource("StandardMaterial3D_3e0pf")
mesh = SubResource("QuadMesh_t7f26")

[node name="Overview" type="Node3D" parent="."]
transform = Transform3D(1, 0, 0, 0, 1, 0, 0, 0, 1, 0, -0.495, 9.51135)

[node name="Area3D" type="Area3D" parent="Overview"]
monitorable = false

[node name="CollisionShape3D" type="CollisionShape3D" parent="Overview/Area3D"]
transform = Transform3D(1, 0, 0, 0, 1, 0, 0, 0, 1, 0, 0.55, 0)
shape = SubResource("BoxShape3D_4e37r")

[node name="MeshInstance3D" type="MeshInstance3D" parent="Overview"]
mesh = SubResource("QuadMesh_40ed2")

[node name="Label3D" type="Label3D" parent="Overview/MeshInstance3D"]
transform = Transform3D(1, 0, 0, 0, -4.37114e-08, 1, 0, -1, -4.37114e-08, 0, 0.001, 0)
text = "Select Topic"
font_size = 100
outline_size = 20

[node name="AnimationPlayer" type="AnimationPlayer" parent="Overview"]
libraries = {
&"": SubResource("AnimationLibrary_mujxs")
}

[node name="Path3DLeft" type="Path3D" parent="Overview"]
curve = SubResource("Curve3D_h176u")

[node name="PathFollow3DLeft" type="PathFollow3D" parent="Overview/Path3DLeft"]
transform = Transform3D(0.999898, 0, 0, 0, 0.999978, 0, 0, 0, 0.999899, 0, 0, -0.013)

[node name="Path" type="MeshInstance3D" parent="Overview/Path3DLeft/PathFollow3DLeft"]
transform = Transform3D(0.999943, 2.82041e-05, -0.0107374, -5.49095e-05, 0.999998, -0.00248685, 0.0107373, 0.0024873, 0.99994, 0, 0.01, 0)
mesh = SubResource("QuadMesh_1a384")
skeleton = NodePath("../../..")

[node name="PathFollow3DLeft2" type="PathFollow3D" parent="Overview/Path3DLeft"]
transform = Transform3D(0.641712, 3.40296e-06, 0.766814, 1.71379e-05, 0.999978, -1.8779e-05, -0.766812, 2.51968e-05, 0.641713, -0.167627, 7.55864e-06, -1.16324)
progress = 1.20191

[node name="Path" type="MeshInstance3D" parent="Overview/Path3DLeft/PathFollow3DLeft2"]
transform = Transform3D(0.999943, 2.82041e-05, -0.0107374, -5.49095e-05, 0.999998, -0.00248685, 0.0107373, 0.0024873, 0.99994, 0, 0.01, 0)
mesh = SubResource("QuadMesh_1a384")
skeleton = NodePath("../../..")

[node name="PathFollow3DLeft3" type="PathFollow3D" parent="Overview/Path3DLeft"]
transform = Transform3D(0.167547, 1.35524e-06, 0.985761, 2.47566e-05, 0.999978, -5.58239e-06, -0.98576, 2.5344e-05, 0.167547, -1.30394, 2.09908e-05, -1.51832)
progress = 2.40382

[node name="Path" type="MeshInstance3D" parent="Overview/Path3DLeft/PathFollow3DLeft3"]
transform = Transform3D(0.999943, 2.82041e-05, -0.0107374, -5.49095e-05, 0.999998, -0.00248685, 0.0107373, 0.0024873, 0.99994, 0, 0.01, 0)
mesh = SubResource("QuadMesh_1a384")
skeleton = NodePath("../../..")

[node name="PathFollow3DLeft4" type="PathFollow3D" parent="Overview/Path3DLeft"]
transform = Transform3D(0.333718, -1.79165e-05, 0.942566, 2.55785e-05, 0.999978, 9.94867e-06, -0.942565, 2.07932e-05, 0.333718, -2.47954, 2.0206e-05, -1.76553)
progress = 3.60573

[node name="Path" type="MeshInstance3D" parent="Overview/Path3DLeft/PathFollow3DLeft4"]
transform = Transform3D(0.999943, 2.82041e-05, -0.0107374, -5.49095e-05, 0.999998, -0.00248685, 0.0107373, 0.0024873, 0.99994, 0, 0.01, 0)
mesh = SubResource("QuadMesh_1a384")
skeleton = NodePath("../../..")

[node name="PathFollow3DLeft5" type="PathFollow3D" parent="Overview/Path3DLeft"]
transform = Transform3D(0.999603, -6.41387e-05, 0.0242337, 6.36474e-05, 0.999978, 2.08275e-05, -0.0242336, -1.92804e-05, 0.999604, -3.0163, -1.40107e-05, -2.70168)
progress = 4.80763

[node name="Path" type="MeshInstance3D" parent="Overview/Path3DLeft/PathFollow3DLeft5"]
transform = Transform3D(0.999943, 2.82041e-05, -0.0107374, -5.49095e-05, 0.999998, -0.00248685, 0.0107373, 0.0024873, 0.99994, 0, 0.01, 0)
mesh = SubResource("QuadMesh_1a384")
skeleton = NodePath("../../..")

[node name="Path3DAhead" type="Path3D" parent="Overview"]
curve = SubResource("Curve3D_jhh51")

[node name="PathFollow3DAhead" type="PathFollow3D" parent="Overview/Path3DAhead"]
transform = Transform3D(0.999903, 0, -0.00250791, 0, 0.999978, 0, 0.00250791, 0, 0.999904, -0.01, 0, -0.013)

[node name="Path" type="MeshInstance3D" parent="Overview/Path3DAhead/PathFollow3DAhead"]
transform = Transform3D(0.999943, 2.82041e-05, -0.0107374, -5.49095e-05, 0.999998, -0.00248685, 0.0107373, 0.0024873, 0.99994, 0, 0.01, 0)
mesh = SubResource("QuadMesh_0epbk")
skeleton = NodePath("../../..")

[node name="PathFollow3DAhead2" type="PathFollow3D" parent="Overview/Path3DAhead"]
transform = Transform3D(0.999903, 0, -0.00250791, 0, 0.999978, 0, 0.00250791, 0, 0.999903, -0.00793806, 0, -0.835096)
progress = 0.823202

[node name="Path" type="MeshInstance3D" parent="Overview/Path3DAhead/PathFollow3DAhead2"]
transform = Transform3D(0.999943, 2.82041e-05, -0.0107374, -5.49095e-05, 0.999998, -0.00248685, 0.0107373, 0.0024873, 0.99994, 0, 0.01, 0)
mesh = SubResource("QuadMesh_0epbk")
skeleton = NodePath("../../..")

[node name="PathFollow3DAhead3" type="PathFollow3D" parent="Overview/Path3DAhead"]
transform = Transform3D(0.999903, 0, -0.00250791, 0, 0.999978, 0, 0.00250791, 0, 0.999903, -0.00587099, 0, -1.65924)
progress = 1.6464

[node name="Path" type="MeshInstance3D" parent="Overview/Path3DAhead/PathFollow3DAhead3"]
transform = Transform3D(0.999943, 2.82041e-05, -0.0107374, -5.49095e-05, 0.999998, -0.00248685, 0.0107373, 0.0024873, 0.99994, 0, 0.01, 0)
mesh = SubResource("QuadMesh_0epbk")
skeleton = NodePath("../../..")

[node name="PathFollow3DAhead4" type="PathFollow3D" parent="Overview/Path3DAhead"]
transform = Transform3D(0.999903, 0, -0.00250791, 0, 0.999978, 0, 0.00250791, 0, 0.999903, -0.00380471, 0, -2.48306)
progress = 2.46961

[node name="Path" type="MeshInstance3D" parent="Overview/Path3DAhead/PathFollow3DAhead4"]
transform = Transform3D(0.999943, 2.82041e-05, -0.0107374, -5.49095e-05, 0.999998, -0.00248685, 0.0107373, 0.0024873, 0.99994, 0, 0.01, 0)
mesh = SubResource("QuadMesh_0epbk")
skeleton = NodePath("../../..")

[node name="PathFollow3DAhead5" type="PathFollow3D" parent="Overview/Path3DAhead"]
transform = Transform3D(0.999903, 0, -0.00250791, 0, 0.999978, 0, 0.00250791, 0, 0.999903, -0.00173772, 0, -3.30717)
progress = 3.29281

[node name="Path" type="MeshInstance3D" parent="Overview/Path3DAhead/PathFollow3DAhead5"]
transform = Transform3D(0.999943, 2.82041e-05, -0.0107374, -5.49095e-05, 0.999998, -0.00248685, 0.0107373, 0.0024873, 0.99994, 0, 0.01, 0)
mesh = SubResource("QuadMesh_0epbk")
skeleton = NodePath("../../..")

[node name="Path3DRight" type="Path3D" parent="Overview"]
curve = SubResource("Curve3D_un5ko")

[node name="PathFollow3DRight" type="PathFollow3D" parent="Overview/Path3DRight"]
transform = Transform3D(0.999915, 0, 0, 0, 0.999978, 0, 0, 0, 0.999915, 0, 0, -0.013)

[node name="Path" type="MeshInstance3D" parent="Overview/Path3DRight/PathFollow3DRight"]
transform = Transform3D(0.999943, 2.82041e-05, -0.0107374, -5.49095e-05, 0.999998, -0.00248685, 0.0107373, 0.0024873, 0.99994, 0, 0.01, 0)
mesh = SubResource("QuadMesh_b6mot")
skeleton = NodePath("../../..")

[node name="PathFollow3DRight2" type="PathFollow3D" parent="Overview/Path3DRight"]
transform = Transform3D(0.630101, -3.45235e-06, -0.776404, -1.72281e-05, 0.999978, -1.84276e-05, 0.776404, 2.49909e-05, 0.630101, 0.173932, 7.54891e-06, -1.16291)
progress = 1.20499

[node name="Path" type="MeshInstance3D" parent="Overview/Path3DRight/PathFollow3DRight2"]
transform = Transform3D(0.999943, 2.82041e-05, -0.0107374, -5.49095e-05, 0.999998, -0.00248685, 0.0107373, 0.0024873, 0.99994, 0, 0.01, 0)
mesh = SubResource("QuadMesh_b6mot")
skeleton = NodePath("../../..")

[node name="PathFollow3DRight3" type="PathFollow3D" parent="Overview/Path3DRight"]
transform = Transform3D(0.165809, -1.53039e-06, -0.986072, -2.45148e-05, 0.999978, -5.67396e-06, 0.986072, 2.51178e-05, 0.165809, 1.31525, 2.08562e-05, -1.51436)
progress = 2.40997

[node name="Path" type="MeshInstance3D" parent="Overview/Path3DRight/PathFollow3DRight3"]
transform = Transform3D(0.999943, 2.82041e-05, -0.0107374, -5.49095e-05, 0.999998, -0.00248685, 0.0107373, 0.0024873, 0.99994, 0, 0.01, 0)
mesh = SubResource("QuadMesh_b6mot")
skeleton = NodePath("../../..")

[node name="PathFollow3DRight4" type="PathFollow3D" parent="Overview/Path3DRight"]
transform = Transform3D(0.325721, 1.70996e-05, -0.945376, -2.52525e-05, 0.999978, 9.38446e-06, 0.945376, 2.08195e-05, 0.325721, 2.4954, 2.04726e-05, -1.75642)
progress = 3.61496

[node name="Path" type="MeshInstance3D" parent="Overview/Path3DRight/PathFollow3DRight4"]
transform = Transform3D(0.999943, 2.82041e-05, -0.0107374, -5.49095e-05, 0.999998, -0.00248685, 0.0107373, 0.0024873, 0.99994, 0, 0.01, 0)
mesh = SubResource("QuadMesh_b6mot")
skeleton = NodePath("../../..")

[node name="PathFollow3DRight5" type="PathFollow3D" parent="Overview/Path3DRight"]
transform = Transform3D(0.999617, 6.53585e-05, 0.0243854, -6.5885e-05, 0.999978, 2.09579e-05, -0.0243854, -2.25599e-05, 0.999617, 2.98376, -1.39571e-05, -2.6991)
progress = 4.81995

[node name="Path" type="MeshInstance3D" parent="Overview/Path3DRight/PathFollow3DRight5"]
transform = Transform3D(0.999943, 2.82041e-05, -0.0107374, -5.49095e-05, 0.999998, -0.00248685, 0.0107373, 0.0024873, 0.99994, 0, 0.01, 0)
mesh = SubResource("QuadMesh_b6mot")
skeleton = NodePath("../../..")

[node name="Audio" type="Node3D" parent="Overview"]

[node name="Intro" type="AudioStreamPlayer" parent="Overview/Audio"]
stream = ExtResource("13_k846q")

[node name="Left" type="AudioStreamPlayer" parent="Overview/Audio"]
stream = ExtResource("14_aluj7")

[node name="Ahead" type="AudioStreamPlayer" parent="Overview/Audio"]
stream = ExtResource("15_hbmub")

[node name="Right" type="AudioStreamPlayer" parent="Overview/Audio"]
stream = ExtResource("16_fy6bw")

[node name="End" type="AudioStreamPlayer" parent="Overview/Audio"]
stream = ExtResource("17_g3hwf")

[node name="Attention" type="MeshInstance3D" parent="."]
transform = Transform3D(1, 0, 0, 0, 1, 0, 0, 0, 1, 0, -0.49, 12.5)
material_override = SubResource("StandardMaterial3D_uln6k")
mesh = SubResource("QuadMesh_m25xs")

[node name="SubViewport" type="SubViewport" parent="Attention"]
size = Vector2i(1920, 1080)

[node name="VideoStreamPlayer" type="VideoStreamPlayer" parent="Attention/SubViewport"]
offset_right = 40.0
offset_bottom = 40.0
stream = ExtResource("3_6cxgq")
autoplay = true
loop = true

[node name="Intro" type="AudioStreamPlayer3D" parent="Attention"]
transform = Transform3D(1, 0, 0, 0, 1, 0, 0, 0, 1, 0, 0.5, 0)
stream = ExtResource("11_ospbb")

[node name="Area3D" type="Area3D" parent="Attention"]

[node name="CollisionShape3D" type="CollisionShape3D" parent="Attention/Area3D"]
transform = Transform3D(1, 0, 0, 0, 1, 0, 0, 0, 1, 0, 0.51, 1)
shape = SubResource("BoxShape3D_67erf")

[node name="MeshInstance3D" type="MeshInstance3D" parent="Attention"]
transform = Transform3D(1, 0, 0, 0, 1, 0, 0, 0, 1, 0, 0, 2.5)
mesh = SubResource("QuadMesh_xygd2")

[node name="StandHere" type="MeshInstance3D" parent="Attention/MeshInstance3D"]
transform = Transform3D(1, 0, 0, 0, 1, 0, 0, 0, 1, 0, 0.001, 0)
material_override = SubResource("StandardMaterial3D_44n12")
mesh = SubResource("QuadMesh_6mxhe")

[connection signal="body_entered" from="Selection/Fire/Area3D" to="." method="Fire_body_entered"]
[connection signal="body_exited" from="Selection/Fire/Area3D" to="." method="Fire_body_exited"]
[connection signal="body_entered" from="Selection/Weather/Area3D" to="." method="Weather_body_entered"]
[connection signal="body_exited" from="Selection/Weather/Area3D" to="." method="Weather_body_exited"]
[connection signal="body_entered" from="Selection/AirQuality/Area3D" to="." method="Air_body_entered"]
[connection signal="body_exited" from="Selection/AirQuality/Area3D" to="." method="Air_body_exited"]
[connection signal="body_entered" from="Overview/Area3D" to="." method="Overview_body_entered"]
[connection signal="body_exited" from="Overview/Area3D" to="." method="Overview_body_exited"]
[connection signal="body_entered" from="Attention/Area3D" to="." method="Intro_body_entered"]
[connection signal="body_exited" from="Attention/Area3D" to="." method="Intro_body_exited"]
